GPU: 0.7834320000001753 J
CPU: 30.67152399999941 J
Package: 41.03068600000188 J
Time: 2.451828187 seconds
