GPU: 0.41583300000002055 J
CPU: 18.203918000000158 J
Package: 36.282044000001406 J
Time: 2.029901726 seconds
