GPU: 0.0722049999999399 J
CPU: 11.022460000000137 J
Package: 20.548401000000013 J
Time: 1.078787983 seconds
