GPU: 0.44628899999997884 J
CPU: 15.631194999999934 J
Package: 20.741805999998178 J
Time: 1.199321264 seconds
